0 4 0
0 4 0
1 4 2
0 1 0
0 1 3
1 3 7
0 4 0
1 2 3
2 0 0
0 1 0
0 3 0
1 4 9
0 2 0
1 1 6
2 0 0
0 3 0
1 4 5
0 1 0
2 0 0
1 2 8
0 4 0
1 3 2
0 2 0
2 0 0
1 1 9
0 3 0
1 4 4
0 1 0
2 0 0
1 2 5
0 4 0
1 3 6
0 2 0
2 0 0
1 1 8
0 4 0
1 2 1
0 3 0
2 0 0
1 4 7
0 2 0
1 3 9
0 1 0
2 0 0
1 2 6
0 4 0
1 1 3
0 3 0
2 0 0
1 4 8
0 1 0
1 3 2
0 2 0
2 0 0
1 4 6
0 3 0
1 2 9
0 1 0
2 0 0
1 3 5
2 0 0
2 0 0
2 0 0
2 0 0
0 1 0
1 3 7
0 4 0
1 2 3
2 0 0
0 1 0
1 4 9
0 2 0
1 1 6
2 0 0
0 3 0
1 4 5
0 1 0
2 0 0
0 2 0
0 4 0
1 3 2
0 2 0
2 0 0
1 1 9
0 3 0
1 4 4
0 1 0
2 0 0
1 2 5
0 4 0
1 3 6
0 2 0
2 0 0
1 1 8
0 4 0
1 2 1
0 3 0
2 0 0
1 4 7
0 2 0
1 3 9
0 1 0
2 0 0
1 2 6
0 4 0
1 1 3
0 3 0
2 0 0
1 4 8
0 1 0
1 3 2
0 2 0
2 0 0
1 4 6
0 3 0
1 2 9
0 1 0
2 0 0
1 3 5
1 3 5
2 0 0
2 0 0
2 0 0
2 0 0
2 0 0
2 0 0
2 0 0
2 0 0

